ann_subset.csv:(0.9847555852352232, 0.9420600054913512, 0.8841286054763255, 0.942303031809454, 0.9445392597760144, 0.9395716375548582, 0.9400773675205197, 0.9445392597760144, 0.9844453127278824)
consensus_subset.csv:(0.9847672166150263, 0.9420801276855743, 0.8841688853942631, 0.9423232135096543, 0.9445633774768496, 0.9395877576514678, 0.9400936501251146, 0.9445633774768496, 0.984455964337906)
pickpocket_subset.csv:(0.9880461031797029, 0.9509635494472662, 0.9019561884962715, 0.9512447417419488, 0.9551613934164269, 0.9467518864496269, 0.9473600794564838, 0.9551613934164269, 0.9875321367227605)
smm_subset.csv:(0.9864675414254449, 0.9470753285423884, 0.8941763845882748, 0.9473923870508716, 0.9511278732553322, 0.9430059246295314, 0.9436861277657298, 0.9511278732553322, 0.9859064282815121)
smmpmbec_subset.csv:(0.9864915262984917, 0.9471560969340397, 0.8943380962450511, 0.9474730125834818, 0.9512198597731288, 0.9430754700781318, 0.9437555671808503, 0.9512198597731288, 0.9859303865423795)
Independent_result_new_last_2_ACME_yuan.txt:(0.9861537133180489, 0.9449517506584935, 0.8899097317017626, 0.9451586753535294, 0.9470751753932057, 0.9428209153483879, 0.9432499161033606, 0.9470751753932057, 0.985985431605987)
Independent_result_new_last_2_ACME_yuan.txt:(0.9861537131000708, 0.9449517506584935, 0.8899097317017626, 0.9451586753535294, 0.9470751753932057, 0.9428209153483879, 0.9432499161033606, 0.9470751753932057, 0.9859854310544419)
