T_external.csv:(0.9697291617422732, 0.9007943002936504, 0.8060195587500626, 0.8954354488441477, 0.8487034472145275, 0.9529885699967233, 0.9476137291120753, 0.8487034472145275, 0.9703555120037778)
iedb1424_new_remove_repeat.csv:(0.9144815351685609, 0.8301158301158301, 0.6743493633630246, 0.8341831079583241, 0.9169103313840156, 0.7543598468736707, 0.7651484343228955, 0.9169103313840156, 0.8833649693536656)
independent_1.csv:(0.9851815106368247, 0.9438954814580858, 0.8878228265377186, 0.9437505340457294, 0.9398344195172739, 0.9479693902145095, 0.9476994205648988, 0.9398344195172739, 0.9847873175534922)
