ann_subset.csv:(0.9233320277568069, 0.8341992841473271, 0.6837163304091618, 0.8385428378682258, 0.9250806251550484, 0.7550755939524838, 0.7668106107341147, 0.9250806251550484, 0.903191839832935)
smmpmbec_subset.csv:(0.9232609587339902, 0.8341986846659744, 0.6837295047178128, 0.83855746545332, 0.9251363411006446, 0.7550183466436434, 0.7667967947400863, 0.9251363411006446, 0.903050665245671)
iedb_result_new_last_2_ACME_yuan.txt:(0.9420605812965483, 0.86211818441336, 0.7315011921004786, 0.8627840909090909, 0.9222593379896751, 0.8087799622946404, 0.8105150787296503, 0.9222593379896751, 0.9326271322139433)
iedb_result_new_last_2_ACME_yuan.txt:(0.942060663083368, 0.86211818441336, 0.7315011921004786, 0.8627840909090909, 0.9222593379896751, 0.8087799622946404, 0.8105150787296503, 0.9222593379896751, 0.9326271244182868)
