T_external.csv:(0.9684711442172138, 0.9072449814663265, 0.817014249767252, 0.9035635635635636, 0.8682094490612496, 0.9463580116034772, 0.9419191919191919, 0.8682094490612496, 0.9698340449831062)
iedb1424_new_remove_repeat.csv:(0.922390040984592, 0.8329548035430389, 0.6812889604419741, 0.8375841890250635, 0.9242202729044834, 0.7532964695874096, 0.7657985059559863, 0.9242202729044834, 0.9021516695894028)
independent_1.csv:(0.986700533206808, 0.9465625893004858, 0.8931407457798233, 0.9468100501509519, 0.9497151895566167, 0.9434000160681288, 0.9439226299450768, 0.9497151895566167, 0.9863810610486998)
