smm_subset.csv:(0.9750135744692322, 0.9204813001354307, 0.8421826020207105, 0.918381967686402, 0.8937914958270027, 0.9472290011054795, 0.9443638122883405, 0.8937914958270027, 0.9752182479163376)
Texternal_result_new_last_2_ACME_yuan.txt:(0.9684711457003532, 0.9072449814663265, 0.817014249767252, 0.9035635635635636, 0.8682094490612496, 0.9463580116034772, 0.9419191919191919, 0.8682094490612496, 0.9698340437141011)
Texternal_result_new_last_2_ACME_yuan.txt:(0.9684711460711382, 0.9072449814663265, 0.817014249767252, 0.9035635635635636, 0.8682094490612496, 0.9463580116034772, 0.9419191919191919, 0.8682094490612496, 0.9698340443206772)
