T_external.csv:(0.9693275222287142, 0.9047994993501179, 0.8132201467453931, 0.9002058859149812, 0.8579178208679594, 0.9517742526165648, 0.9468789808917197, 0.8579178208679594, 0.9706628690541602)
iedb1424_new_remove_repeat.csv:(0.9197923584837607, 0.8301158301158301, 0.6748252466424013, 0.83444001770695, 0.9186159844054581, 0.7528711186729051, 0.7643957826439578, 0.9186159844054581, 0.9001113205189617)
independent_1.csv:(0.9864516351806356, 0.9463018945489731, 0.8926082168909781, 0.9464784509681449, 0.9481034327416884, 0.9444946573471519, 0.944859029870104, 0.9481034327416884, 0.9862359972493716)
