T_external.csv:(0.9685635664168699, 0.9039811293505994, 0.8116614859798535, 0.8992900926010078, 0.8565520160049246, 0.9515044043098629, 0.9465170163467466, 0.8565520160049246, 0.9698677896043775)
iedb1424_new_remove_repeat.csv:(0.9187714489209934, 0.8307971837383602, 0.6768244924442861, 0.8354318533244974, 0.9215399610136452, 0.7515950659293917, 0.7640404040404041, 0.9215399610136452, 0.8980369767688845)
independent_1.csv:(0.986936265470312, 0.9483473456762271, 0.8967009571775155, 0.9485315789210764, 0.9504259643010882, 0.9462621515224552, 0.9466447302821817, 0.9504259643010882, 0.9865832053141275)
