T_external.csv:(0.9679821157227906, 0.9016030424108218, 0.8072722857906973, 0.8965314758944661, 0.8517428439519852, 0.9515622289470134, 0.946291942722804, 0.8517428439519852, 0.9691752262373435)
iedb1424_new_remove_repeat.csv:(0.9215058624632378, 0.8321598909834204, 0.6783402090912187, 0.8361055666444888, 0.9186159844054581, 0.7566992769034453, 0.7671957671957672, 0.9186159844054581, 0.901774426197838)
independent_1.csv:(0.9865350449693226, 0.9461665338126106, 0.8923418260015954, 0.9463770287141073, 0.9485939674244926, 0.9437314212259982, 0.9441704281628952, 0.9485939674244926, 0.9862861552132101)
